time,x,y,z,phi,theta,psi,x_velocity,y_velocity,z_velocity,phi_velocity,theta_velocity,psi_velocity,rotor_speed1,rotor_speed2,rotor_speed3,rotor_speed4
0.06,1.02444680641e-07,-2.94504969213e-08,10.006108309,6.28314966345,6.28293677839,0.0,1.60594071428e-05,-3.04111163436e-06,0.203595317255,-0.00180958385404,-0.0140786912179,0.0,468.4649530740978,467.3692171561308,469.39003963014073,469.24962608941405
0.12000000000000001,8.98540015451e-06,-1.45946571694e-06,10.0215491318,6.28288884126,6.28253922828,0.0,0.000340892207135,-6.3096858413e-05,0.311074910645,-0.00997828312269,0.00518709003516,0.0,438.9954767884855,440.59101269079514,439.19344912225375,438.5156070384345
0.18,4.49525276564e-05,-1.34872814737e-05,10.0488210904,0.000319508972083,6.28278337979,0.0,0.000821811373044,-0.000315432822262,0.59788460415,0.0343679010585,0.00173387659472,0.0,492.8615859662914,492.60626191675624,491.14761770475985,494.4251388728065
0.23999999999999996,0.000102937855845,-1.67847286498e-05,10.0894628993,0.00218076182844,6.2826299897,0.0,0.00111174398555,0.000423780991294,0.756749991845,0.0233090052511,-0.0129297151715,0.0,456.0936392219119,454.92121678958233,456.108923238218,455.2252863662001
0.3,0.000186028230745,6.58801816998e-05,10.1405529237,0.00382770487359,6.28153732291,0.0,0.00176210112695,0.00250808313883,0.946112497577,0.0346552293309,-0.0317130870066,0.0,465.92441200204587,464.4538107339113,464.3594335570006,465.24866410535833
0.36000000000000004,0.000337283987358,0.000312029699236,10.2023874042,0.00559340828368,6.27952671497,0.0,0.00349866405692,0.00591515531854,1.1148858006,0.0161109189186,-0.0373701346875,0.0,458.9875556687667,458.53801293939205,460.21144326993,458.7416765469275
0.4200000000000001,0.000638478170373,0.000796591535666,10.2740798562,0.00616271353078,6.27748192612,0.0,0.00677730927576,0.0103269178747,1.27469632341,-0.00902003305693,-0.0282010658943,0.0,456.70110814404995,457.4313115149577,457.40408403589,455.39846709289924
0.48000000000000015,0.00119615558161,0.00156858695217,10.3579968891,0.0058289244885,6.27545492425,0.0,0.0120362398571,0.0153512231917,1.52224088178,0.000582504183107,-0.0483172960222,0.0,484.1774518147553,482.6613656278148,482.2958064192051,483.02053890848583
0.5400000000000001,0.00210266646985,0.00262008567787,10.4539956273,0.00602657460176,6.27275219492,0.0,0.0184868272933,0.0197108002928,1.67749932811,0.00823041355715,-0.039196930829,0.0,456.79685935455797,457.5223787975542,455.2562991062809,455.8677150043194
0.6000000000000002,0.00344943373893,0.00393638358332,10.5588474504,0.00624161504741,6.27044390536,0.0,0.0266544543405,0.0242050430707,1.81734636374,-0.00786955500205,-0.0370590596492,0.0,451.9704289563412,452.14198847747645,452.8156349735996,451.51867285942126
0.6600000000000003,0.00535665451019,0.00553267684605,10.6736348517,0.00571706031738,6.26806868194,0.0,0.0371803113703,0.0289452558263,2.00858089631,-0.0105484633339,-0.0451929901558,0.0,468.2172639488322,467.58334694938725,468.41827981143604,468.210046005661
0.7200000000000003,0.00791474337775,0.00738776138364,10.7974386606,0.00585264914772,6.26507416949,0.0,0.0483788787057,0.0328720894263,2.11801139158,0.0200666292239,-0.0615710639139,0.0,444.08402308789715,442.7369573081893,442.9726987941701,445.48300996187515
0.7800000000000004,0.0112484370141,0.00949957137511,10.9297829916,0.00727421692128,6.26117559907,0.0,0.0631660834216,0.0376688917756,2.29312195912,0.0301046848438,-0.0728412023322,0.0,465.15448514930773,464.26815463080516,463.67427738839126,464.46220450677293
0.8400000000000004,0.0155462660335,0.0119290532292,11.0719780047,0.00902065214934,6.25707103414,0.0,0.0805518594943,0.0435065786968,2.44638321935,0.0270341609966,-0.0607652568173,0.0,458.0543838995047,459.01025076889636,458.63310980948694,458.38939887101685
0.9000000000000005,0.0210248987496,0.0147638903076,11.2251916363,0.0105515904735,6.2533640531,0.0,0.102493216527,0.0511709814795,2.66025023635,0.0222915676687,-0.0638994504733,0.0,476.6557376877654,476.4137033140019,478.1498520536627,477.7884912342321
0.9600000000000005,0.0276810092524,0.0180136303418,11.3837322181,0.0123182151537,6.24918676173,0.0,0.119704747421,0.0572839304058,2.62450543317,0.0408697731501,-0.0846444005513,0.0,399.7157474117193,397.8162014894189,398.1504623876934,399.8469336217779
1.0200000000000005,0.0355857084715,0.0217146784443,11.5442167737,0.0143883874927,6.24426954376,0.0,0.144286280376,0.0663165715314,2.72472226644,0.0170401842991,-0.0770552888474,0.0,443.3885165459288,444.0060728209779,444.75796848801997,442.80245901043367
1.0800000000000005,0.045024380246,0.0259798583838,11.7096806427,0.01522178682,6.23963119087,0.0,0.170778403296,0.0759442043551,2.79055867615,0.00669856115298,-0.0778115312157,0.0,433.16298619786653,433.09447057820955,434.0248739136615,433.1559555112381
1.1400000000000006,0.0562237884496,0.0308642456338,11.8808898807,0.0154249975295,6.23491973561,0.0,0.203016860767,0.0868964604416,2.91607684921,-0.00423287157554,-0.0799883075358,0.0,453.31960745910845,453.1398633533857,452.31514666728805,451.4338879692948
1.2000000000000006,0.0695802508883,0.0364459440924,12.0620897853,0.0155678374871,6.22993479751,0.0,0.242746638757,0.0991474876901,3.1233424947,0.0131038677876,-0.0901216309313,0.0,477.5614908282851,476.78277421666644,477.7486890729762,479.0687042566706
1.2600000000000007,0.0853378759679,0.0427398664406,12.2538003296,0.0163061502262,6.22455148035,0.0,0.28306970006,0.110725545902,3.26656953499,0.0106580754914,-0.0889348904066,0.0,459.77567991514695,459.8632628026513,460.08323148364383,459.8894171975177
1.3200000000000007,0.103516001845,0.0497129026364,12.452152247,0.0176163221188,6.21864656481,0.0,0.323390738402,0.121806848528,3.34489167959,0.0379732567923,-0.135144884899,0.0,443.40546831068764,439.58291286244304,438.73803136276774,441.00017849473056
1.3800000000000008,0.124370539722,0.0574179284731,12.6571318079,0.0205463543994,6.21022841681,0.0,0.372622625056,0.135306542035,3.4872580299,0.0646285148762,-0.153372074493,0.0,462.42203856102344,460.9661406723861,459.5483172224343,461.6576880494088
1.4400000000000008,0.148274283684,0.0659763997812,12.8693852146,0.0248695638003,6.20086591281,0.0,0.425090238893,0.150388711483,3.58744770324,0.0838254982657,-0.161992902963,0.0,450.1055818282548,449.38451788178935,447.97198250780974,449.5341762039454
1.5000000000000009,0.175577052527,0.0755498889594,13.0882940577,0.0300476399584,6.19131716802,0.0,0.485979595703,0.169251888017,3.70900334514,0.0908396729286,-0.153991966674,0.0,457.2239076056286,457.8376310199683,455.6586623762159,456.22499618227465
1.560000000000001,0.206657218348,0.0863407460296,13.3136475666,0.0353510463495,6.18194686429,0.0,0.550933095836,0.190973653258,3.80233998028,0.0829797888787,-0.160925903598,0.0,448.80639043727746,448.2203211148923,449.95141863449754,449.32099657827484
1.620000000000001,0.241759671208,0.0985177050508,13.5439220705,0.040738806699,6.17237120653,0.0,0.620058497683,0.215420159145,3.87308904852,0.100779797087,-0.157059113315,0.0,442.7658230599581,443.0595653504114,442.1753799468846,443.64606434326544
1.680000000000001,0.2811017256,0.112235358737,13.777565551,0.0471144601774,6.16297965532,0.0,0.69219946432,0.242404506416,3.91472070996,0.115426948697,-0.155481448345,0.0,433.72737222877635,433.83600905059717,434.44953547896665,435.68603413815083
1.740000000000001,0.324696870485,0.127594945202,14.0116237238,0.0542346087863,6.15352601713,0.0,0.76175651157,0.270163731548,3.88714445899,0.124466720869,-0.162075572032,0.0,412.1421286750447,411.5331008824164,411.919433585503,412.7319348566515
1.8000000000000012,0.3729459687,0.144875115115,14.2464229467,0.0616550455136,6.14352294625,0.0,0.847446963021,0.306527968449,3.93909765975,0.122040994373,-0.178137193707,0.0,438.94148327764304,437.57912215186514,439.1786359490698,438.99145470383183
1.8600000000000012,0.427052015983,0.164707454189,14.4879474578,0.069008423965,6.13245087297,0.0,0.957207677681,0.355321429682,4.11081060152,0.123566528465,-0.202082481439,0.0,477.95272994271164,476.09301743459827,476.0434476247686,476.1726740161756
1.9200000000000013,0.487594726917,0.1874471722,14.7370898005,0.076474063814,6.12019465448,0.0,1.0620317581,0.403367356572,4.19330537517,0.126093990843,-0.209041505497,0.0,451.79072773401003,451.1889087044566,450.8482367016916,451.06622527979755
1.9800000000000013,0.554465115961,0.213119927811,14.9898787555,0.0835438984479,6.1076268594,0.0,1.16810490712,0.453045876406,4.232497942,0.0911492425911,-0.210318826123,0.0,439.19210835898235,439.0423577589441,439.8725700644457,436.980860418822
2.0400000000000014,0.627750567503,0.241808489259,15.2439401971,0.0891767303747,6.09508306822,0.0,1.27582025171,0.503698043324,4.23585294296,0.098845664987,-0.206667339476,0.0,427.69276392710265,427.9588011440119,428.014528846102,428.6769114009347
2.1000000000000014,0.707561104933,0.273559453945,15.4973335092,0.0950403520066,6.08293368414,0.0,1.3855424922,0.555137519918,4.21032223117,0.0953921625099,-0.195236504162,0.0,418.97138753212107,419.9211551793486,419.06453336439074,418.7730147899686
2.1600000000000015,0.794614930401,0.30870543349,15.7513685784,0.100300322701,6.07101254626,0.0,1.51728698024,0.616863931265,4.25691155067,0.0640332527116,-0.206658199348,0.0,444.348939417773,443.372643110251,444.98631348726593,442.41757132484145
2.2200000000000015,0.890481797236,0.347958675283,16.0112560384,0.10396165272,6.05923979476,0.0,1.67941168499,0.691878216257,4.40492123994,0.0541965696776,-0.180885242376,0.0,476.2493598540463,478.18137688033056,476.7364249499465,475.9865168725792
2.2800000000000016,0.995900836352,0.391590931874,16.2781096548,0.107498185951,6.0485199438,0.0,1.83549225664,0.762783592923,4.48938613228,0.0670525663546,-0.174561620135,0.0,459.1953499166135,459.66707380504397,458.9011679174367,459.92290708743593
2.3400000000000016,1.11062171555,0.439422173171,16.5488418295,0.111202525566,6.03829668237,0.0,1.98939121787,0.831883069926,4.53435599107,0.0481352985583,-0.163138179409,0.0,446.8481017272848,447.75074343479395,450.62817938260446,449.09879907086923
2.4000000000000017,1.23468412265,0.491423999775,16.8219025169,0.114014271065,6.02829710441,0.0,2.14681428077,0.901700426746,4.56705161563,0.0441876657066,-0.174831006924,0.0,447.38253276823195,446.40278512862,445.3365644584358,445.0148066446699
2.4600000000000017,1.36826376154,0.547611242044,17.0964503593,0.11619001014,6.01775743728,0.0,2.30667009606,0.971358815764,4.58395818854,0.0115264150161,-0.177372678927,0.0,442.08161770941604,441.84218944095176,443.8739117976109,441.18554353195265
2.520000000000002,1.5121740772,0.608237526752,17.3739666424,0.116843271596,6.00712150609,0.0,2.491188195,1.04946535959,4.6656627572,0.0095786282531,-0.177052373991,0.0,465.46025843256683,465.45658617706835,463.4592171163641,463.30594959852846
2.580000000000002,1.66644603728,0.673180638446,17.6531416937,0.116818056929,5.99732037274,0.0,2.65196494066,1.11529206754,4.63977108692,-0.0497136377994,-0.144702759213,0.0,430.11673893887416,432.8209059528906,433.4394403282378,428.4265159971521
2.640000000000002,1.83018473595,0.741923118317,17.9296094467,0.114383990399,5.98828787779,0.0,2.80662637904,1.1758768865,4.57566613163,-0.0266956555501,-0.165970673829,0.0,419.910941263672,418.0382373745727,417.6605654886389,419.66255076235825
2.700000000000002,2.00410367483,0.81454261455,18.2046829972,0.112961449203,5.97820024575,0.0,2.99139196181,1.24454318512,4.5928138242,-0.018320887577,-0.17282538185,0.0,446.9284595280771,446.3423648762221,446.90749883546926,447.58963345353686
2.760000000000002,2.19036622571,0.891633036041,18.4841362492,0.111367229216,5.96750673145,0.0,3.21810624756,1.32483769132,4.72101578404,-0.0532077857879,-0.192102362601,0.0,484.66999070071074,483.1905717261346,484.7306945561377,482.10120266971444
2.820000000000002,2.39009337028,0.973364503263,18.7701264055,0.108206902345,5.95582353824,0.0,3.44029092447,1.39906741737,4.81083606432,-0.0516221179503,-0.200538820002,0.0,474.0907223609759,473.40741990612213,475.16424575253563,475.2841976253774
2.880000000000002,2.60272602403,1.05926733058,19.0595435325,0.104900703949,5.94384208075,0.0,3.64829474193,1.46394618984,4.83554066807,-0.0631748156606,-0.198049666549,0.0,455.7572208932749,455.91821553904293,456.9199828949033,455.9958762558911
2.940000000000002,2.82819456657,1.14903062385,19.3508014666,0.101179470197,5.93196774988,0.0,3.86811260185,1.52768104359,4.87209412203,-0.0598075691088,-0.197619233613,0.0,462.0506687924982,462.0479419430874,461.6358497117893,461.8989162716386
3.000000000000002,3.06679232831,1.24246304857,19.6434707687,0.0971011100959,5.92019289408,0.0,4.08590255569,1.5862799645,4.88269223186,-0.0940773438519,-0.193640626809,0.0,455.4983785241158,455.7799111306655,456.8177557342703,454.0724368889376
3.0600000000000023,3.31766980432,1.33907138762,19.9341629832,0.0911291926515,5.90853876375,0.0,4.27742343367,1.63348427926,4.80670147758,-0.113610091852,-0.195450581592,0.0,428.6012400900912,428.40898849805546,428.0959249831234,426.42102170680937
3.1200000000000023,3.58029058358,1.43842485162,20.2204823647,0.0843123794715,5.8967394903,0.0,4.47733191799,1.67769222382,4.73686830585,-0.113620469896,-0.199173906833,0.0,431.0366375140564,430.68263356218955,430.93797196960435,430.92516151696276
3.1800000000000024,3.85610818561,1.54052217816,20.5050949371,0.077438665507,5.88486953333,0.0,4.71726361038,1.72481840383,4.74926290411,-0.116512680728,-0.195280679234,0.0,459.21358698942964,459.4854882770474,460.74051294099434,460.5005390218092
3.2400000000000024,4.14382021082,1.64482490396,20.7840530742,0.0703445027873,5.87308994321,0.0,4.8738908863,1.75151347159,4.54966226222,-0.121923225209,-0.19850098949,0.0,385.6490732257505,385.3005346468085,385.9866112274778,385.46059260072724
3.3000000000000025,4.44416722433,1.75112787347,21.058136921,0.062991137593,5.86059486676,0.0,5.13827482122,1.79111555618,4.58528784095,-0.123851515319,-0.248641643304,0.0,470.81989847611845,466.8801935546642,470.10582353714346,469.9436495873068
3.3600000000000025,4.75945140891,1.85949940833,21.3317624073,0.0555446332889,5.84627947812,0.0,5.37202043319,1.82058248362,4.5347350331,-0.124626668123,-0.223703050457,0.0,441.2358385230602,443.2324560892486,444.0777447904031,444.0001458603998
3.4200000000000026,5.08925519344,1.96953997088,21.6029110227,0.0481012258473,5.83285172281,0.0,5.62211674033,1.84672953786,4.50260880806,-0.122941828821,-0.223981959254,0.0,451.6784185302739,451.6071268430444,451.1530877997537,451.2754227123631
3.4800000000000026,5.43370203857,2.0809609193,21.8709187877,0.0414368717539,5.81921714022,0.0,5.86011694834,1.86669882086,4.43024125304,-0.0942241703392,-0.234710538278,0.0,440.4319258310886,439.4913977868554,437.95468248664343,440.3257438168515
3.5400000000000027,5.79231337273,2.19344733457,22.1339297448,0.0358089408575,5.80536516596,0.0,6.09427087584,1.88237689354,4.3361061274,-0.0929621043393,-0.224125283014,0.0,432.22427432918414,433.0609601039149,434.47006000529046,434.56822086781784
3.6000000000000028,6.16525004171,2.30678985237,22.3914330483,0.0303424448475,5.79193979547,0.0,6.33754138323,1.89524522455,4.24659852346,-0.0876392570443,-0.223029358551,0.0,436.9242536036207,436.96504969299195,436.7130841656946,437.1498256175644
3.660000000000003,6.55402773188,2.42087490256,22.6455112927,0.0250356533804,5.77846402862,0.0,6.62217616345,1.90708752284,4.22142941949,-0.0901108226325,-0.227922958987,0.0,462.0671334969882,461.63308570658864,461.49107224706546,461.28970278813637
3.720000000000003,6.96130305136,2.53562637461,22.9002143739,0.0195540176919,5.76491493273,0.0,6.95397974434,1.91738324086,4.26682891104,-0.0939832573187,-0.22191713221,0.0,488.793235165583,489.19516412141695,488.01050303262406,487.7150936462054
3.780000000000003,7.38424031993,2.65073978415,23.1497686106,0.0142089759518,5.75128009252,0.0,7.14457066259,1.91940603992,4.05166521206,-0.0807509691419,-0.24087953668,0.0,398.32132078710276,396.52412775308113,396.91844353011004,398.12364205780375
3.840000000000003,7.82140171871,2.7659719184,23.3908971421,0.00896204354243,5.7367091239,0.0,7.42789500129,1.92124659044,3.98474014533,-0.106251906195,-0.247103575641,0.0,454.7320901749859,454.17546503340196,455.6062827327244,453.55576928733706
3.900000000000003,8.27688395207,2.8812379492,23.6297862782,0.00266507473435,5.72146797631,0.0,7.75513130989,1.92037866242,3.97646334008,-0.102466175616,-0.273711149874,0.0,478.95512292074955,476.8656731883607,478.3781298613163,478.65762593006747
3.960000000000003,8.74988968506,2.99633322391,23.8643819324,6.27979765298,5.70482493196,0.0,8.01226354869,1.9157039524,3.84242381869,-0.0978817115729,-0.285960889986,0.0,437.8687214467632,436.76855718488105,436.22705860612126,436.60082653187465
4.020000000000002,9.23866442021,3.11106239545,24.0910925409,6.27379489418,5.6890052841,0.0,8.28066891995,1.90819190747,3.71352637254,-0.104765759007,-0.238168669287,0.0,438.52218542817945,442.4014058359715,442.62184510433843,442.046046423108
4.080000000000001,9.74477953751,3.22523889405,24.3115755525,6.26762100096,5.67437606756,0.0,8.58996368607,1.89722834792,3.63449801441,-0.0994055189902,-0.258560200837,0.0,464.1417895727263,462.48066304977397,461.92239116873174,462.33626360800855
4.14,10.2686346729,3.33868712048,24.5258192182,6.26137977126,5.65874486603,0.0,8.87212054691,1.88397990017,3.50579599112,-0.115363696922,-0.264749712897,0.0,448.65189098869877,448.08115362056253,447.57618941845027,446.26555084457124
4.199999999999998,10.8082432199,3.45129508014,24.7304166532,6.25409761472,5.64281586454,0.0,9.11519591863,1.86921671943,3.31342290494,-0.137419475045,-0.266989032925,0.0,425.1780165972843,424.9114456236548,426.66418766885323,424.76186871469935
4.259999999999997,11.3627242886,3.56292227128,24.9236190199,6.24569056083,5.62646751297,0.0,9.36780273496,1.85121808582,3.12584400484,-0.146140846615,-0.286620306974,0.0,429.0142501685489,427.26459954144644,430.9000050752219,430.14281323924405
4.319999999999996,11.9320778552,3.67339189126,25.104951619,6.23814653224,5.60916883738,0.0,9.61097983663,1.8306863015,2.9177909149,-0.101533620487,-0.291918294383,0.0,423.2425499078045,422.6970483118386,421.50808822142164,425.3301670450703
4.379999999999995,12.5185316078,3.78241628638,25.2766775563,6.23204222091,5.59130242812,0.0,9.93742505292,1.80312646174,2.8046049976,-0.10215116944,-0.313233436706,0.0,465.2397275839493,463.48023879849563,464.1616943481977,464.1047298051757
4.439999999999993,13.1226044505,3.88984395869,25.4388981454,6.22560368531,5.57240971461,0.0,10.1985323086,1.77751335348,2.60160462557,-0.120384149205,-0.318380209355,0.0,433.6732231188703,433.13633160934717,432.32341083747735,430.77306696293164
4.499999999999992,13.7427538323,3.99564915323,25.5891361533,6.218490426,5.55314727388,0.0,10.4731975586,1.74900517141,2.4050058785,-0.11512825967,-0.326959040591,0.0,439.2681321365493,438.4487197526064,438.13696315680454,438.5610309510618
4.559999999999991,14.3801228521,4.0996288362,25.7281115376,6.21112917432,5.53363362385,0.0,10.7723443885,1.7166854223,2.22586498058,-0.145444133265,-0.32198031673,0.0,449.62550427411804,449.92185519086433,451.4835765441944,449.01587617910576
4.6199999999999894,15.0374479463,4.20144319656,25.8581713072,6.20269507041,5.51437870156,0.0,11.1379771763,1.67672727872,2.10709019523,-0.132272821253,-0.318871743632,0.0,479.7296052693895,479.8686036369072,479.41510400541665,480.3983083864111
4.679999999999988,15.7127766004,4.30110684717,25.9767175988,6.19470849717,5.49520761203,0.0,11.3730082559,1.64511180019,1.84354204604,-0.134835886034,-0.320839634709,0.0,423.6606115577593,423.38129065795647,423.0336218459419,422.7954619195085
4.739999999999987,16.4059315163,4.3984867773,26.0829293016,6.18660530674,5.47645070602,0.0,11.7314282993,1.60059228574,1.69458380394,-0.135490841357,-0.299868699375,0.0,476.4548307659329,477.96296498429984,477.8206818106334,477.7552943321843
4.799999999999986,17.1163339395,4.49351960725,26.1758731763,6.17851087706,5.45889807323,0.0,11.9485888139,1.56690658061,1.40290860638,-0.133765879636,-0.280918749387,0.0,417.49627021773784,419.0538350131199,418.6073360984037,418.73946867673357
4.859999999999984,17.8381586257,4.58663358528,26.249742618,6.1708592695,5.44260353016,0.0,12.1124002824,1.53664436301,1.05940626914,-0.117315396402,-0.25749764713,0.0,392.7802893548477,394.86183685628527,392.7461843363195,394.25243486262195
4.919999999999983,18.5735402459,4.67751010782,26.3062804074,6.16361399635,5.42718820822,0.0,12.3996071894,1.49237046185,0.824027579428,-0.128706718636,-0.255797388146,0.0,447.47901546421963,447.5516154142549,450.2147896211626,449.2786944711061
4.979999999999982,19.3260495586,4.7656832721,26.3485006896,6.15621206692,5.41164499664,0.0,12.683255521,1.44652654832,0.582164204926,-0.114398693869,-0.266505466254,0.0,450.11877248681293,449.1840727562178,448.2467885497394,449.39478326479997
5.0399999999999805,20.0939900573,4.85122092514,26.3747904613,6.14972284234,5.39535689955,0.0,12.914252272,1.40456939363,0.29342287769,-0.0979328800189,-0.283883419053,0.0,429.8509358464238,428.2970296366811,429.1602543721297,430.5453802806753
